robot1 (endpos):
-0.000157 -0.000026 -1.000000 243.887559 -0.000210 -1.000000 0.000026 -0.006431 -1.000000 0.000210 0.000157 607.415702
tracker1:
1639716756.780680 y 0.05546889 0.04634489 0.99738426 -234.14794922 -0.07443932 0.99633410 -0.04215620 -186.64950562 -0.99568167 -0.07190625 0.05871543 -1985.50878906 0.147736

robot2 (0 -100 150 0 0 0):
-0.766045 -0.000000 -0.642787 392.314422 0.000000 -1.000000 0.000000 -0.000000 -0.642787 -0.000000 0.766045 380.774049
tracker2:
1639716981.679953 y -0.72629377 0.00262051 0.68737944 -0.36194992 -0.08803279 0.99140342 -0.09679610 -167.93530273 -0.68172398 -0.13081433 -0.71981944 -1806.91918945 0.093774

robot3 (0 0 0 0 0 0):
0.000000 -0.000000 -1.000000 925.000000 0.000000 -1.000000 0.000000 -0.000000 -1.000000 -0.000000 -0.000000 425.000000
tracker3:
1639717123.702840 y 0.06013126 0.04368401 0.99723414 -95.07962799 -0.07769729 0.99621568 -0.03895440 -140.97337341 -0.99516198 -0.07514002 0.06329783 -1294.53027344 0.110417

Values Becher: MovePTPJoints 2 -45 125 0 6 0
Ansaugen Signal: DirectAdeptCmd signal 5, -6
Ansaugestop Signal: DirectAdeptCmd signal -5, 6
unterarm senkrecht gedreht über becher1: MovePTPJoints 2 -50 139 90 0 0
unterarm senkrecht gedreht über becher2:MovePTPJoints 12 -50 139 90 0 0
Rotation 0 0 -1 0 1 0 1 0 0

Messung 1. becher         -0.00442     0.01690     0.99985    76.20638
                          -0.21327     0.97684    -0.01745   169.71300
                          -0.97698    -0.21331    -0.00071 -1769.25537
                           0.00000     0.00000     0.00000     1.00000

Messung 2. Becher
     0.00219     0.02642     0.99965    74.78559
    -0.04274     0.99874    -0.02631    87.00539
    -0.99908    -0.04267     0.00332 -1756.71399
     0.00000     0.00000     0.00000     1.00000


Messung für MovePTPJoints 2 -70 139 90 0 0: (höher als Becher 1)
     0.32911     0.08367     0.94058   -64.56953
    -0.20509     0.97862    -0.01529   175.47473
    -0.92175    -0.18787     0.33924 -1753.45874
     0.00000     0.00000     0.00000     1.00000